160 159 0
1 39 0
1 125 0
2 22 0
2 28 0
2 54 0
2 105 0
3 18 0
3 65 0
4 35 0
5 10 0
6 10 0
6 28 0
6 86 0
6 150 0
7 82 0
8 36 0
8 65 0
9 130 0
9 151 0
11 97 0
12 38 0
12 70 0
12 100 0
12 144 0
13 57 0
14 74 0
15 47 0
16 58 0
17 97 0
18 35 0
18 112 0
19 36 0
20 39 0
20 49 0
20 95 0
20 130 0
20 156 0
20 159 0
21 59 0
23 42 0
23 69 0
23 90 0
23 113 0
23 147 0
24 90 0
25 97 0
26 126 0
27 41 0
27 57 0
27 125 0
28 43 0
28 67 0
29 98 0
29 134 0
30 35 0
31 47 0
32 67 0
32 99 0
32 141 0
33 83 0
34 63 0
34 64 0
36 48 0
36 52 0
36 160 0
37 82 0
40 63 0
41 77 0
42 93 0
42 101 0
43 136 0
44 84 0
44 148 0
44 152 0
44 153 0
45 56 0
45 145 0
46 73 0
46 103 0
46 118 0
47 122 0
49 117 0
50 75 0
50 136 0
51 62 0
53 61 0
53 143 0
55 65 0
55 120 0
55 154 0
56 79 0
56 94 0
56 130 0
57 108 0
57 133 0
58 94 0
58 146 0
59 129 0
59 151 0
60 67 0
60 70 0
61 76 0
61 115 0
62 109 0
63 96 0
63 121 0
64 70 0
64 114 0
64 123 0
66 71 0
68 141 0
69 78 0
69 98 0
71 111 0
71 112 0
71 127 0
71 159 0
72 98 0
74 120 0
76 103 0
76 139 0
79 103 0
80 89 0
80 92 0
81 118 0
82 88 0
83 128 0
83 129 0
83 137 0
84 96 0
85 145 0
87 145 0
88 153 0
89 91 0
92 109 0
92 132 0
92 142 0
92 146 0
92 158 0
93 126 0
97 109 0
98 107 0
99 147 0
102 126 0
103 155 0
104 105 0
105 135 0
106 119 0
110 141 0
114 140 0
116 136 0
118 138 0
119 140 0
122 131 0
124 126 0
131 141 0
136 138 0
136 157 0
149 157 0
