100 99 0
1 79 0
2 28 0
2 33 0
2 80 0
2 94 0
3 6 0
3 52 0
4 56 0
5 46 0
6 9 0
6 58 0
6 65 0
7 40 0
7 49 0
7 98 0
8 45 0
10 15 0
11 25 0
11 30 0
11 53 0
11 80 0
12 83 0
13 44 0
13 65 0
14 52 0
14 66 0
14 99 0
15 55 0
15 70 0
16 28 0
17 60 0
17 86 0
17 88 0
17 92 0
18 89 0
19 46 0
20 26 0
21 83 0
22 35 0
22 49 0
22 52 0
23 89 0
24 35 0
24 91 0
25 51 0
25 55 0
26 57 0
26 78 0
27 61 0
29 61 0
31 52 0
32 83 0
34 67 0
35 85 0
36 61 0
37 84 0
38 80 0
39 43 0
39 68 0
39 71 0
39 81 0
39 87 0
41 46 0
41 62 0
41 85 0
41 89 0
42 67 0
44 97 0
45 85 0
46 73 0
46 82 0
46 84 0
47 50 0
48 86 0
50 57 0
50 88 0
52 71 0
52 90 0
54 57 0
54 95 0
56 71 0
56 93 0
59 63 0
61 96 0
63 72 0
63 78 0
63 99 0
64 74 0
64 78 0
67 72 0
67 83 0
69 85 0
73 80 0
75 92 0
76 92 0
77 92 0
77 100 0
79 89 0
89 96 0
