160 159 0
1 127 0
2 58 0
2 68 0
2 95 0
2 116 0
3 76 0
4 6 0
4 88 0
4 121 0
5 21 0
6 86 0
6 117 0
6 131 0
7 131 0
7 139 0
8 152 0
9 16 0
9 44 0
9 60 0
9 113 0
9 126 0
10 92 0
11 88 0
12 14 0
12 146 0
13 125 0
15 53 0
15 156 0
16 63 0
17 65 0
17 100 0
18 35 0
18 52 0
18 83 0
18 148 0
19 113 0
20 50 0
21 43 0
21 76 0
21 78 0
22 73 0
22 118 0
23 121 0
24 100 0
25 130 0
26 154 0
27 118 0
28 30 0
28 104 0
28 110 0
28 148 0
29 44 0
29 81 0
29 123 0
31 138 0
32 45 0
32 140 0
33 65 0
34 83 0
35 65 0
36 135 0
37 88 0
37 115 0
38 73 0
38 133 0
38 139 0
39 80 0
40 132 0
41 42 0
42 44 0
43 99 0
43 119 0
45 102 0
46 47 0
47 120 0
48 92 0
48 146 0
49 130 0
50 90 0
50 115 0
51 140 0
53 132 0
54 140 0
54 143 0
55 139 0
56 75 0
57 144 0
57 154 0
58 89 0
58 124 0
59 135 0
60 158 0
61 148 0
62 75 0
62 140 0
63 64 0
63 141 0
65 69 0
65 94 0
65 97 0
66 146 0
67 123 0
68 122 0
69 98 0
70 138 0
71 105 0
72 99 0
74 118 0
74 120 0
75 111 0
77 122 0
78 159 0
79 90 0
80 84 0
80 86 0
80 107 0
81 105 0
82 105 0
82 130 0
83 91 0
83 108 0
84 132 0
85 92 0
87 119 0
88 153 0
89 134 0
90 150 0
92 119 0
92 160 0
93 134 0
94 134 0
96 127 0
100 135 0
101 143 0
103 115 0
105 145 0
105 149 0
106 123 0
108 142 0
109 153 0
112 139 0
114 143 0
117 152 0
119 125 0
120 140 0
121 128 0
121 144 0
123 148 0
124 129 0
125 151 0
127 150 0
127 157 0
131 147 0
132 138 0
136 143 0
137 152 0
138 155 0
140 159 0
152 158 0
