140 139 0
1 81 0
1 86 0
2 47 0
2 110 0
3 34 0
3 69 0
3 123 0
4 6 0
4 25 0
4 35 0
4 56 0
5 36 0
5 78 0
5 124 0
6 40 0
7 38 0
8 84 0
9 68 0
10 86 0
11 38 0
12 53 0
13 109 0
14 51 0
14 110 0
15 27 0
16 75 0
17 51 0
17 94 0
17 120 0
18 28 0
18 32 0
18 94 0
18 133 0
19 27 0
20 35 0
20 67 0
20 76 0
20 93 0
21 28 0
22 70 0
23 34 0
23 71 0
23 85 0
23 136 0
24 98 0
25 65 0
26 89 0
26 95 0
26 111 0
26 137 0
27 46 0
27 75 0
27 129 0
28 60 0
29 105 0
30 59 0
31 42 0
31 110 0
33 128 0
34 90 0
34 108 0
34 130 0
35 49 0
35 77 0
36 38 0
37 81 0
37 112 0
37 114 0
37 140 0
38 122 0
38 140 0
39 82 0
40 58 0
40 61 0
41 128 0
42 44 0
42 64 0
42 107 0
43 88 0
45 128 0
46 94 0
46 113 0
47 55 0
47 101 0
47 125 0
48 105 0
48 106 0
50 57 0
50 87 0
50 121 0
50 140 0
52 88 0
53 80 0
54 110 0
54 118 0
54 130 0
56 63 0
56 116 0
56 134 0
58 72 0
58 131 0
59 72 0
59 73 0
59 119 0
60 70 0
62 98 0
66 67 0
67 68 0
71 89 0
74 75 0
78 82 0
78 99 0
79 81 0
80 131 0
80 135 0
80 138 0
81 109 0
82 102 0
82 127 0
83 84 0
83 131 0
86 91 0
86 139 0
88 113 0
92 113 0
95 124 0
96 113 0
97 106 0
97 115 0
97 132 0
98 99 0
98 100 0
101 126 0
103 136 0
104 129 0
108 116 0
111 115 0
117 132 0
128 136 0
