100 99 0
1 45 0
2 35 0
3 49 0
3 95 0
3 100 0
4 16 0
5 71 0
6 40 0
6 78 0
7 21 0
7 47 0
7 78 0
7 97 0
8 13 0
8 28 0
8 54 0
8 68 0
8 69 0
9 67 0
10 17 0
10 50 0
10 80 0
11 30 0
11 41 0
11 86 0
12 45 0
12 73 0
14 18 0
14 99 0
15 45 0
16 27 0
16 69 0
18 29 0
18 36 0
18 89 0
19 42 0
19 74 0
20 73 0
22 91 0
23 75 0
24 42 0
25 33 0
26 41 0
30 71 0
31 39 0
32 71 0
33 34 0
33 88 0
33 90 0
34 59 0
34 98 0
35 44 0
35 60 0
35 66 0
35 69 0
36 40 0
36 53 0
36 72 0
37 46 0
38 60 0
38 81 0
38 84 0
39 96 0
40 92 0
41 88 0
42 93 0
43 52 0
45 51 0
45 85 0
46 51 0
46 61 0
47 80 0
47 91 0
48 53 0
49 62 0
49 64 0
49 66 0
52 61 0
52 72 0
52 82 0
52 83 0
53 63 0
53 94 0
55 61 0
56 91 0
57 67 0
57 71 0
58 77 0
59 74 0
59 76 0
59 77 0
65 98 0
67 72 0
67 87 0
70 82 0
71 79 0
72 84 0
75 98 0
78 96 0
