140 139 0
1 31 0
1 91 0
2 137 0
3 85 0
4 25 0
5 19 0
5 34 0
6 98 0
7 35 0
7 135 0
8 93 0
8 95 0
8 127 0
9 52 0
10 71 0
11 89 0
12 104 0
13 101 0
13 127 0
14 140 0
15 30 0
16 27 0
16 120 0
17 97 0
18 34 0
19 29 0
19 78 0
19 122 0
20 74 0
21 31 0
21 51 0
21 85 0
21 92 0
21 103 0
22 82 0
22 90 0
22 92 0
22 114 0
23 59 0
23 110 0
24 127 0
25 97 0
25 98 0
25 136 0
26 31 0
27 130 0
28 96 0
28 125 0
30 54 0
30 65 0
30 92 0
31 88 0
31 113 0
32 100 0
33 56 0
34 77 0
34 81 0
34 132 0
34 133 0
35 64 0
36 105 0
37 68 0
38 50 0
39 76 0
39 132 0
39 135 0
40 124 0
40 125 0
41 89 0
42 124 0
43 95 0
44 82 0
45 49 0
46 55 0
46 137 0
47 56 0
47 68 0
48 95 0
49 102 0
50 52 0
50 53 0
50 101 0
50 118 0
51 137 0
52 62 0
52 108 0
55 80 0
55 136 0
56 102 0
57 71 0
57 112 0
58 71 0
60 77 0
60 87 0
60 105 0
60 139 0
61 138 0
63 76 0
64 121 0
66 124 0
67 135 0
68 111 0
68 140 0
69 76 0
70 95 0
70 137 0
72 103 0
73 75 0
74 116 0
74 121 0
75 83 0
75 92 0
75 100 0
75 126 0
76 94 0
77 124 0
79 116 0
84 121 0
84 126 0
85 134 0
86 92 0
89 110 0
93 112 0
97 99 0
97 115 0
97 128 0
98 107 0
102 117 0
103 130 0
103 138 0
104 110 0
104 127 0
106 112 0
109 127 0
116 123 0
116 140 0
118 131 0
119 124 0
129 137 0
