140 139 0
1 53 0
1 88 0
2 75 0
3 99 0
4 66 0
4 90 0
4 108 0
5 43 0
5 69 0
5 130 0
6 40 0
6 99 0
7 26 0
8 115 0
8 116 0
8 122 0
9 32 0
10 36 0
11 68 0
12 26 0
13 17 0
14 58 0
14 110 0
14 121 0
14 140 0
15 87 0
16 98 0
17 21 0
17 46 0
17 92 0
17 111 0
17 128 0
18 50 0
18 65 0
18 136 0
18 140 0
19 125 0
20 26 0
22 103 0
22 107 0
22 131 0
23 85 0
24 106 0
25 85 0
26 126 0
27 35 0
28 128 0
29 75 0
30 41 0
30 105 0
30 114 0
30 139 0
31 132 0
32 84 0
33 100 0
34 98 0
34 135 0
35 74 0
35 104 0
35 124 0
36 76 0
36 129 0
36 138 0
37 59 0
37 72 0
37 93 0
37 133 0
38 85 0
39 88 0
39 97 0
41 51 0
42 86 0
42 99 0
42 120 0
44 91 0
44 126 0
44 134 0
45 135 0
47 72 0
47 99 0
48 73 0
49 68 0
49 93 0
49 137 0
51 113 0
52 61 0
53 78 0
54 94 0
55 73 0
56 93 0
56 140 0
57 96 0
57 115 0
60 100 0
61 94 0
62 89 0
62 136 0
63 123 0
64 127 0
66 129 0
67 134 0
69 75 0
70 74 0
70 94 0
71 87 0
71 95 0
72 77 0
72 80 0
72 119 0
73 128 0
74 100 0
75 125 0
76 131 0
79 109 0
80 82 0
81 94 0
83 85 0
84 85 0
84 88 0
87 89 0
87 100 0
88 105 0
90 126 0
96 123 0
97 106 0
98 109 0
100 112 0
100 128 0
101 127 0
102 108 0
105 121 0
105 138 0
106 132 0
108 117 0
109 139 0
110 123 0
114 125 0
115 127 0
118 123 0
