120 119 0
1 29 0
1 30 0
2 27 0
2 36 0
2 73 0
2 104 0
2 114 0
3 18 0
3 93 0
4 44 0
5 24 0
5 62 0
5 87 0
5 103 0
6 92 0
7 20 0
7 74 0
8 52 0
9 71 0
9 100 0
10 75 0
10 80 0
11 65 0
12 53 0
12 72 0
13 24 0
13 34 0
13 58 0
13 90 0
13 97 0
13 112 0
14 44 0
14 111 0
15 73 0
16 89 0
17 23 0
19 29 0
19 107 0
20 35 0
20 37 0
20 50 0
20 99 0
21 64 0
21 88 0
21 106 0
21 108 0
21 117 0
22 37 0
22 78 0
23 42 0
23 56 0
23 61 0
23 113 0
25 43 0
25 114 0
26 57 0
26 63 0
28 75 0
28 86 0
29 59 0
29 84 0
29 104 0
31 100 0
32 34 0
33 77 0
38 40 0
38 41 0
38 70 0
38 103 0
38 115 0
39 89 0
39 101 0
40 105 0
42 51 0
43 51 0
43 68 0
43 81 0
44 109 0
44 119 0
45 96 0
46 92 0
47 65 0
47 106 0
48 107 0
49 73 0
49 92 0
52 85 0
52 91 0
53 79 0
54 108 0
55 94 0
57 93 0
60 108 0
61 85 0
64 101 0
65 83 0
65 118 0
66 80 0
67 73 0
69 100 0
70 98 0
74 92 0
76 102 0
77 99 0
79 94 0
80 112 0
80 120 0
82 105 0
82 119 0
83 107 0
86 104 0
93 94 0
93 105 0
94 110 0
95 107 0
96 100 0
97 100 0
100 116 0
102 108 0
