120 119 0
1 111 0
2 55 0
2 69 0
2 91 0
3 19 0
3 26 0
3 71 0
3 77 0
4 49 0
4 92 0
4 114 0
5 36 0
5 40 0
6 22 0
6 24 0
6 96 0
6 108 0
7 43 0
8 119 0
9 54 0
9 91 0
10 92 0
10 117 0
11 101 0
12 21 0
13 31 0
13 50 0
13 53 0
13 87 0
14 40 0
15 70 0
16 38 0
16 44 0
16 45 0
16 102 0
17 37 0
18 41 0
18 103 0
19 100 0
19 118 0
20 30 0
20 34 0
20 111 0
21 58 0
22 68 0
22 89 0
22 112 0
23 67 0
25 70 0
26 60 0
27 114 0
28 33 0
28 71 0
28 72 0
28 76 0
29 73 0
29 115 0
30 83 0
31 66 0
31 93 0
32 101 0
34 85 0
34 98 0
34 105 0
35 97 0
35 110 0
37 51 0
37 56 0
37 99 0
38 40 0
38 42 0
38 97 0
39 71 0
41 47 0
41 95 0
42 52 0
42 71 0
42 104 0
43 120 0
46 47 0
46 48 0
47 76 0
47 114 0
53 63 0
53 101 0
54 67 0
56 114 0
57 119 0
58 62 0
58 102 0
58 113 0
59 65 0
59 91 0
60 119 0
61 103 0
64 65 0
64 84 0
64 90 0
66 86 0
67 96 0
70 116 0
70 118 0
71 106 0
71 115 0
74 80 0
74 116 0
75 117 0
77 82 0
78 110 0
79 101 0
81 111 0
88 111 0
88 115 0
91 94 0
93 97 0
95 112 0
96 120 0
97 107 0
109 113 0
