140 139 0
1 65 0
2 5 0
2 10 0
2 59 0
2 74 0
2 90 0
3 39 0
4 30 0
4 87 0
4 91 0
4 117 0
6 92 0
7 11 0
7 21 0
7 26 0
7 40 0
8 108 0
9 49 0
9 79 0
12 36 0
12 83 0
13 112 0
14 28 0
14 135 0
15 41 0
16 101 0
16 127 0
17 48 0
17 67 0
17 105 0
17 129 0
18 27 0
18 43 0
19 78 0
20 58 0
21 45 0
21 50 0
22 33 0
22 108 0
23 109 0
24 31 0
24 71 0
24 95 0
25 38 0
25 51 0
25 57 0
25 136 0
26 60 0
27 41 0
27 42 0
27 62 0
27 121 0
28 83 0
29 112 0
32 83 0
33 66 0
33 80 0
33 85 0
34 129 0
35 108 0
36 37 0
37 101 0
39 59 0
39 64 0
39 97 0
39 117 0
40 93 0
41 86 0
41 89 0
41 102 0
43 56 0
43 130 0
44 92 0
45 69 0
46 92 0
47 109 0
48 61 0
49 114 0
49 119 0
49 140 0
51 120 0
52 68 0
53 72 0
54 96 0
55 96 0
57 78 0
58 65 0
58 123 0
58 124 0
61 96 0
63 99 0
63 122 0
65 114 0
65 139 0
68 127 0
69 126 0
69 137 0
70 115 0
71 132 0
72 100 0
73 101 0
75 139 0
76 113 0
77 84 0
77 110 0
77 122 0
77 133 0
78 111 0
81 139 0
82 104 0
83 87 0
83 108 0
83 111 0
85 95 0
88 112 0
92 94 0
93 128 0
94 139 0
97 109 0
98 109 0
100 105 0
100 115 0
100 120 0
102 115 0
103 122 0
103 136 0
104 118 0
104 131 0
104 136 0
106 115 0
107 115 0
108 140 0
112 117 0
113 125 0
114 116 0
122 134 0
125 134 0
128 132 0
138 139 0
