160 159 0
1 118 0
2 48 0
2 56 0
2 58 0
2 123 0
2 148 0
3 16 0
3 18 0
3 36 0
3 129 0
4 13 0
5 131 0
6 9 0
6 37 0
6 80 0
6 112 0
7 35 0
7 76 0
7 159 0
8 70 0
8 83 0
9 84 0
9 130 0
9 132 0
10 97 0
11 43 0
12 159 0
13 40 0
13 42 0
13 124 0
13 142 0
14 63 0
14 64 0
15 32 0
16 131 0
17 37 0
17 86 0
17 110 0
17 139 0
17 153 0
19 87 0
19 143 0
20 47 0
20 113 0
21 122 0
22 24 0
22 98 0
22 145 0
22 158 0
23 64 0
23 96 0
23 152 0
23 153 0
24 121 0
24 136 0
25 83 0
26 29 0
26 66 0
26 67 0
27 159 0
28 146 0
29 48 0
30 68 0
30 94 0
30 116 0
31 136 0
32 69 0
32 155 0
33 47 0
33 64 0
34 131 0
35 126 0
35 140 0
38 116 0
39 87 0
40 104 0
41 72 0
43 71 0
43 74 0
43 111 0
43 140 0
44 55 0
44 103 0
44 133 0
44 153 0
45 80 0
46 76 0
46 125 0
47 90 0
47 156 0
48 121 0
49 136 0
50 112 0
51 97 0
52 82 0
53 78 0
54 88 0
56 75 0
57 73 0
57 88 0
58 61 0
58 118 0
58 151 0
59 113 0
60 103 0
62 80 0
64 91 0
64 150 0
65 87 0
66 146 0
67 69 0
68 104 0
70 119 0
71 102 0
72 80 0
72 106 0
73 82 0
75 131 0
76 160 0
77 125 0
78 113 0
79 141 0
79 149 0
81 95 0
81 147 0
81 149 0
82 92 0
83 140 0
85 93 0
87 124 0
88 133 0
88 137 0
88 154 0
89 93 0
92 136 0
93 142 0
97 107 0
99 159 0
100 151 0
101 121 0
105 108 0
106 125 0
107 143 0
108 128 0
108 149 0
109 119 0
114 151 0
115 146 0
116 141 0
117 122 0
118 120 0
119 124 0
119 138 0
121 144 0
122 125 0
127 159 0
134 140 0
135 151 0
146 157 0
