120 119 0
1 11 0
2 31 0
3 78 0
4 103 0
5 20 0
6 46 0
6 98 0
7 8 0
7 63 0
7 90 0
7 109 0
7 120 0
8 99 0
9 22 0
10 66 0
10 93 0
11 13 0
11 34 0
11 100 0
12 17 0
12 39 0
12 89 0
12 95 0
12 113 0
13 23 0
13 60 0
13 61 0
13 115 0
14 103 0
15 16 0
15 56 0
16 29 0
17 65 0
18 106 0
19 24 0
19 29 0
20 49 0
21 94 0
21 110 0
22 64 0
22 80 0
22 91 0
23 31 0
23 38 0
23 57 0
25 29 0
26 108 0
26 116 0
27 52 0
28 89 0
29 80 0
30 60 0
30 70 0
30 82 0
31 46 0
32 85 0
33 117 0
34 54 0
34 79 0
35 66 0
35 88 0
36 53 0
36 54 0
36 75 0
36 84 0
37 78 0
39 62 0
40 50 0
40 68 0
40 77 0
41 59 0
41 97 0
41 104 0
42 85 0
42 107 0
43 107 0
44 100 0
45 74 0
45 109 0
45 118 0
47 80 0
47 88 0
47 117 0
48 62 0
48 67 0
48 81 0
49 78 0
49 105 0
51 62 0
52 58 0
52 75 0
55 98 0
56 73 0
56 106 0
57 86 0
59 83 0
60 94 0
61 83 0
62 93 0
69 113 0
70 78 0
71 109 0
72 80 0
73 116 0
74 114 0
76 103 0
77 114 0
83 96 0
85 116 0
86 92 0
86 118 0
87 117 0
98 111 0
98 116 0
101 109 0
102 116 0
103 110 0
109 119 0
111 112 0
