180 179 0
1 179 0
2 114 0
3 20 0
3 24 0
3 58 0
3 158 0
4 101 0
4 135 0
5 177 0
6 122 0
7 33 0
8 24 0
8 66 0
8 125 0
8 150 0
9 104 0
10 78 0
10 83 0
10 127 0
10 157 0
11 31 0
11 58 0
11 70 0
12 21 0
12 46 0
12 154 0
13 70 0
14 144 0
14 152 0
14 161 0
15 92 0
15 99 0
15 177 0
16 101 0
17 84 0
17 115 0
17 158 0
18 36 0
19 179 0
21 97 0
22 89 0
22 91 0
22 94 0
22 103 0
23 49 0
25 136 0
25 163 0
26 164 0
27 48 0
28 29 0
28 44 0
28 87 0
28 148 0
30 46 0
31 89 0
31 130 0
31 180 0
32 74 0
33 88 0
33 125 0
33 128 0
34 59 0
34 74 0
35 79 0
35 90 0
36 50 0
36 72 0
36 169 0
37 152 0
38 176 0
39 52 0
39 100 0
39 133 0
39 171 0
40 176 0
41 123 0
41 162 0
41 174 0
42 52 0
42 179 0
43 114 0
44 115 0
45 160 0
46 90 0
46 112 0
46 136 0
46 149 0
47 107 0
47 177 0
48 139 0
48 159 0
49 80 0
49 108 0
50 55 0
51 98 0
51 140 0
52 129 0
53 60 0
53 68 0
53 170 0
54 164 0
56 63 0
56 132 0
56 178 0
57 95 0
57 110 0
57 171 0
58 61 0
59 171 0
62 68 0
63 93 0
64 122 0
64 151 0
65 104 0
65 178 0
67 177 0
69 119 0
69 142 0
70 156 0
71 108 0
71 111 0
71 175 0
73 125 0
74 77 0
75 93 0
76 110 0
77 141 0
78 110 0
79 86 0
79 140 0
81 159 0
82 135 0
85 162 0
85 166 0
85 171 0
86 153 0
87 119 0
92 105 0
92 168 0
93 167 0
93 169 0
93 173 0
96 127 0
98 101 0
98 176 0
101 131 0
102 152 0
105 140 0
106 109 0
106 158 0
109 138 0
109 165 0
110 121 0
111 115 0
113 136 0
114 171 0
114 175 0
116 159 0
117 178 0
118 152 0
118 163 0
120 163 0
122 140 0
122 155 0
123 164 0
124 130 0
125 143 0
126 151 0
128 178 0
134 160 0
137 168 0
139 160 0
145 176 0
146 164 0
147 160 0
148 170 0
152 169 0
159 174 0
165 172 0
