160 159 0
1 105 0
1 149 0
2 5 0
2 155 0
3 52 0
3 54 0
3 116 0
3 131 0
4 83 0
5 103 0
5 144 0
6 142 0
7 89 0
7 146 0
7 151 0
8 146 0
9 44 0
9 114 0
9 120 0
9 122 0
10 23 0
11 56 0
11 57 0
11 124 0
12 42 0
12 45 0
12 48 0
12 50 0
13 78 0
14 157 0
15 31 0
15 67 0
15 136 0
15 143 0
16 69 0
16 74 0
16 85 0
16 126 0
17 109 0
17 118 0
17 129 0
18 26 0
18 41 0
18 91 0
18 157 0
19 154 0
19 157 0
19 158 0
20 31 0
20 65 0
21 77 0
21 87 0
22 50 0
23 50 0
24 98 0
24 152 0
25 59 0
25 83 0
26 110 0
27 80 0
27 104 0
28 146 0
29 77 0
30 51 0
30 123 0
31 82 0
31 97 0
31 141 0
32 143 0
33 49 0
34 39 0
34 118 0
35 39 0
36 93 0
37 73 0
37 148 0
37 150 0
38 87 0
39 68 0
39 76 0
40 64 0
43 104 0
45 89 0
45 107 0
46 95 0
47 98 0
48 51 0
48 73 0
49 94 0
49 105 0
51 132 0
53 71 0
55 64 0
56 143 0
57 135 0
57 159 0
58 94 0
58 100 0
59 105 0
60 130 0
61 93 0
61 100 0
62 105 0
63 104 0
64 131 0
64 145 0
65 130 0
66 118 0
67 72 0
67 134 0
67 160 0
68 120 0
70 93 0
71 149 0
73 145 0
73 153 0
74 78 0
74 128 0
75 90 0
75 122 0
75 130 0
77 79 0
77 147 0
80 136 0
81 88 0
83 92 0
84 142 0
86 104 0
87 99 0
87 100 0
88 133 0
88 137 0
90 151 0
93 131 0
95 144 0
96 113 0
96 115 0
97 125 0
98 106 0
101 132 0
102 125 0
103 108 0
103 124 0
104 158 0
111 130 0
112 151 0
113 116 0
117 149 0
118 140 0
119 142 0
121 122 0
122 138 0
125 139 0
126 136 0
127 146 0
135 156 0
136 137 0
142 157 0
144 152 0
