100 99 0
1 85 0
2 37 0
3 14 0
3 24 0
3 46 0
3 63 0
3 80 0
4 17 0
5 47 0
5 82 0
5 99 0
6 64 0
7 20 0
7 34 0
7 85 0
8 24 0
9 11 0
9 55 0
10 17 0
11 12 0
11 21 0
11 89 0
12 44 0
13 41 0
13 49 0
13 65 0
14 26 0
15 26 0
16 67 0
16 84 0
16 88 0
17 34 0
17 97 0
18 85 0
19 98 0
21 43 0
22 96 0
23 26 0
24 92 0
25 38 0
25 64 0
26 29 0
26 58 0
27 39 0
27 56 0
28 47 0
28 50 0
29 36 0
30 80 0
31 40 0
31 41 0
32 85 0
33 39 0
34 99 0
35 70 0
36 64 0
37 60 0
37 90 0
38 66 0
39 45 0
39 52 0
39 88 0
42 71 0
48 86 0
49 66 0
50 88 0
50 93 0
51 74 0
53 70 0
54 75 0
55 60 0
55 66 0
55 71 0
55 95 0
55 100 0
57 65 0
58 72 0
58 75 0
58 86 0
59 66 0
61 86 0
62 65 0
63 94 0
63 96 0
68 70 0
68 79 0
69 85 0
70 96 0
71 78 0
71 83 0
73 80 0
74 76 0
75 77 0
76 100 0
81 86 0
86 97 0
87 98 0
91 100 0
98 100 0
