100 99 0
1 17 0
1 33 0
1 61 0
2 54 0
2 84 0
3 83 0
4 95 0
4 96 0
5 25 0
5 28 0
6 51 0
6 93 0
7 21 0
7 49 0
7 58 0
8 11 0
8 80 0
9 27 0
10 85 0
10 90 0
11 12 0
11 14 0
11 16 0
11 50 0
11 55 0
12 46 0
13 36 0
13 45 0
13 74 0
15 83 0
17 20 0
17 27 0
18 20 0
19 24 0
19 59 0
20 75 0
22 39 0
22 76 0
23 45 0
23 76 0
24 67 0
24 86 0
26 28 0
26 39 0
26 48 0
27 97 0
28 47 0
29 35 0
29 72 0
30 91 0
30 98 0
31 38 0
32 38 0
32 42 0
32 80 0
34 72 0
36 84 0
37 74 0
38 82 0
38 99 0
40 56 0
40 91 0
41 99 0
43 60 0
43 79 0
43 93 0
44 50 0
44 68 0
45 69 0
45 100 0
48 92 0
51 61 0
51 62 0
52 63 0
53 98 0
54 58 0
54 98 0
55 72 0
56 81 0
57 72 0
59 82 0
62 63 0
63 85 0
63 94 0
64 98 0
65 92 0
66 92 0
68 73 0
69 77 0
70 83 0
71 88 0
75 84 0
78 94 0
82 98 0
83 89 0
83 93 0
87 92 0
88 93 0
95 98 0
