120 119 0
1 15 0
2 67 0
2 81 0
2 113 0
3 34 0
4 14 0
4 105 0
4 118 0
5 48 0
6 34 0
7 16 0
7 119 0
8 52 0
9 20 0
9 75 0
10 32 0
10 37 0
10 57 0
11 21 0
12 18 0
12 30 0
12 54 0
12 62 0
12 85 0
12 108 0
13 16 0
13 51 0
14 48 0
15 30 0
15 65 0
15 68 0
15 70 0
16 70 0
17 87 0
18 81 0
19 28 0
20 29 0
20 37 0
21 28 0
21 41 0
21 112 0
22 42 0
23 37 0
23 74 0
23 90 0
23 94 0
24 109 0
25 33 0
25 107 0
26 109 0
27 107 0
28 75 0
29 71 0
30 35 0
30 79 0
31 78 0
34 55 0
34 68 0
36 120 0
37 86 0
37 114 0
38 116 0
39 61 0
40 101 0
40 109 0
41 50 0
41 54 0
42 97 0
43 96 0
44 119 0
45 83 0
46 113 0
47 109 0
48 49 0
48 77 0
52 66 0
52 97 0
52 102 0
52 103 0
52 117 0
53 83 0
53 107 0
55 116 0
56 114 0
58 112 0
59 105 0
59 119 0
60 83 0
60 99 0
61 111 0
63 107 0
64 69 0
64 98 0
65 109 0
67 72 0
67 82 0
67 87 0
73 120 0
74 76 0
74 89 0
74 104 0
74 111 0
77 83 0
78 106 0
79 96 0
79 120 0
80 114 0
81 100 0
84 94 0
85 106 0
88 113 0
91 120 0
92 107 0
93 96 0
95 118 0
98 108 0
110 114 0
112 115 0
117 119 0
