160 159 0
1 70 0
2 91 0
3 142 0
4 83 0
5 49 0
5 64 0
5 116 0
6 64 0
7 70 0
7 131 0
8 134 0
9 19 0
10 27 0
10 37 0
11 146 0
12 48 0
13 35 0
13 156 0
14 39 0
14 58 0
14 100 0
14 134 0
14 135 0
14 143 0
15 102 0
16 89 0
16 155 0
17 33 0
17 41 0
17 78 0
17 137 0
18 50 0
18 74 0
18 82 0
19 75 0
19 123 0
19 137 0
20 27 0
20 100 0
20 149 0
20 150 0
21 62 0
22 62 0
23 67 0
23 118 0
24 31 0
24 53 0
24 124 0
25 71 0
26 33 0
28 73 0
28 87 0
28 111 0
29 62 0
30 62 0
30 117 0
32 67 0
33 120 0
33 142 0
33 159 0
34 79 0
34 118 0
35 44 0
35 89 0
36 94 0
38 43 0
38 54 0
38 113 0
40 54 0
41 71 0
41 128 0
42 72 0
42 126 0
42 149 0
43 44 0
43 145 0
44 93 0
45 77 0
46 85 0
46 104 0
46 153 0
46 157 0
47 96 0
47 160 0
48 49 0
48 94 0
48 114 0
49 159 0
51 92 0
51 107 0
51 119 0
51 125 0
52 71 0
54 56 0
54 125 0
54 127 0
55 102 0
57 77 0
59 67 0
59 77 0
60 106 0
61 116 0
63 100 0
63 108 0
64 69 0
65 102 0
66 120 0
68 120 0
70 80 0
70 98 0
72 91 0
73 86 0
73 102 0
74 147 0
76 143 0
77 101 0
79 103 0
79 117 0
80 109 0
80 113 0
81 109 0
82 148 0
83 126 0
84 92 0
86 130 0
86 156 0
88 91 0
88 124 0
89 144 0
89 148 0
90 94 0
90 106 0
91 105 0
92 126 0
94 121 0
95 143 0
96 112 0
96 139 0
97 113 0
99 118 0
99 134 0
100 129 0
107 133 0
109 138 0
110 118 0
112 154 0
113 122 0
113 154 0
115 160 0
119 153 0
124 136 0
129 141 0
132 146 0
134 158 0
140 155 0
145 146 0
148 159 0
149 151 0
149 152 0
