100 99 0
1 87 0
2 69 0
3 8 0
3 32 0
3 45 0
4 8 0
4 30 0
4 50 0
4 95 0
5 28 0
5 68 0
6 22 0
6 46 0
7 22 0
9 12 0
9 27 0
9 31 0
9 33 0
9 100 0
10 82 0
11 18 0
12 37 0
12 78 0
12 93 0
13 28 0
13 71 0
13 75 0
14 87 0
15 36 0
16 56 0
16 66 0
17 43 0
17 56 0
17 63 0
18 20 0
18 74 0
19 72 0
20 47 0
21 28 0
22 42 0
23 36 0
23 41 0
23 52 0
24 69 0
25 46 0
25 94 0
26 74 0
27 48 0
27 60 0
27 96 0
28 99 0
29 80 0
29 82 0
29 94 0
29 97 0
34 65 0
34 68 0
34 86 0
35 75 0
36 63 0
36 84 0
38 93 0
39 75 0
40 57 0
41 51 0
43 67 0
43 81 0
43 98 0
44 77 0
46 47 0
46 54 0
49 71 0
50 77 0
53 58 0
55 58 0
55 73 0
55 85 0
55 88 0
56 65 0
57 59 0
57 72 0
57 90 0
58 66 0
58 72 0
60 63 0
61 69 0
61 83 0
61 91 0
61 92 0
62 66 0
63 87 0
64 77 0
70 94 0
71 79 0
74 95 0
75 76 0
77 81 0
87 92 0
89 97 0
