100 99 0
1 97 0
2 13 0
2 79 0
3 55 0
3 72 0
4 74 0
5 54 0
5 66 0
5 79 0
5 96 0
6 33 0
6 57 0
7 10 0
7 68 0
8 38 0
9 13 0
9 28 0
9 37 0
9 77 0
10 80 0
11 41 0
11 71 0
11 76 0
11 98 0
12 19 0
13 61 0
13 94 0
14 33 0
15 34 0
16 21 0
16 29 0
16 69 0
16 87 0
16 95 0
17 20 0
17 62 0
18 88 0
19 24 0
20 89 0
22 64 0
22 67 0
22 78 0
22 93 0
23 49 0
23 60 0
24 32 0
24 69 0
24 71 0
24 99 0
25 46 0
25 71 0
25 75 0
25 82 0
26 32 0
27 50 0
27 58 0
29 88 0
30 88 0
31 83 0
32 70 0
32 90 0
33 81 0
34 91 0
34 95 0
34 97 0
35 65 0
35 99 0
36 58 0
36 73 0
37 45 0
38 47 0
39 61 0
40 55 0
42 76 0
43 55 0
43 63 0
44 81 0
45 47 0
45 71 0
48 94 0
49 100 0
51 57 0
52 63 0
53 74 0
53 100 0
55 68 0
55 99 0
56 61 0
57 73 0
57 84 0
58 83 0
58 86 0
59 61 0
60 70 0
62 99 0
64 90 0
74 92 0
85 99 0
86 88 0
