180 179 0
1 6 0
1 81 0
1 103 0
2 10 0
2 25 0
2 91 0
2 123 0
2 124 0
3 36 0
3 54 0
3 74 0
4 22 0
4 126 0
5 141 0
7 18 0
7 46 0
7 116 0
8 73 0
8 108 0
8 119 0
8 162 0
9 126 0
10 31 0
11 34 0
12 66 0
12 85 0
13 70 0
14 141 0
15 163 0
16 142 0
17 19 0
18 94 0
18 139 0
18 161 0
19 49 0
19 129 0
19 166 0
20 142 0
21 100 0
22 23 0
22 39 0
22 55 0
22 84 0
23 179 0
24 96 0
24 102 0
24 177 0
26 40 0
26 56 0
26 82 0
27 45 0
27 75 0
27 82 0
27 113 0
28 56 0
28 132 0
28 155 0
29 30 0
30 87 0
30 115 0
31 142 0
32 89 0
33 77 0
33 164 0
34 83 0
34 93 0
35 131 0
37 150 0
38 91 0
38 99 0
38 147 0
38 167 0
40 90 0
41 169 0
42 164 0
43 62 0
43 130 0
43 141 0
43 164 0
44 163 0
47 156 0
48 62 0
50 70 0
51 141 0
52 150 0
53 82 0
53 84 0
54 79 0
56 149 0
57 140 0
58 95 0
59 62 0
60 64 0
60 142 0
61 78 0
61 164 0
62 69 0
62 101 0
63 89 0
65 115 0
65 123 0
65 177 0
66 76 0
66 109 0
66 148 0
66 175 0
67 137 0
68 95 0
69 140 0
70 111 0
70 115 0
70 148 0
71 110 0
71 127 0
71 131 0
71 153 0
72 97 0
74 150 0
77 180 0
78 169 0
79 114 0
79 128 0
80 108 0
80 161 0
80 165 0
80 174 0
83 158 0
85 144 0
85 160 0
86 153 0
88 169 0
89 112 0
89 123 0
89 138 0
92 98 0
92 130 0
95 149 0
95 168 0
97 103 0
97 152 0
97 166 0
99 152 0
100 114 0
100 135 0
100 172 0
103 161 0
103 173 0
104 158 0
105 137 0
106 179 0
107 127 0
108 134 0
108 154 0
117 179 0
118 170 0
118 176 0
120 127 0
121 175 0
122 130 0
123 150 0
125 149 0
126 146 0
127 136 0
130 151 0
131 160 0
132 143 0
133 170 0
137 177 0
142 145 0
146 151 0
149 170 0
150 178 0
152 163 0
153 179 0
156 176 0
157 158 0
158 160 0
158 171 0
159 179 0
