160 159 0
1 45 0
1 99 0
2 15 0
2 33 0
2 92 0
3 20 0
3 126 0
4 56 0
4 141 0
5 74 0
6 30 0
6 67 0
7 49 0
8 144 0
9 148 0
10 86 0
10 143 0
11 31 0
12 35 0
12 99 0
12 149 0
13 46 0
14 156 0
16 144 0
17 102 0
18 141 0
19 131 0
21 63 0
21 132 0
22 112 0
22 136 0
23 57 0
24 25 0
24 44 0
24 113 0
24 118 0
25 40 0
25 83 0
25 140 0
26 153 0
27 87 0
27 101 0
28 76 0
28 147 0
29 69 0
29 114 0
31 59 0
31 68 0
31 89 0
32 39 0
32 112 0
33 67 0
34 51 0
34 109 0
36 129 0
37 41 0
38 83 0
39 114 0
40 108 0
41 50 0
41 108 0
41 155 0
42 113 0
43 83 0
45 71 0
45 100 0
46 103 0
46 131 0
46 142 0
47 101 0
48 119 0
49 93 0
49 143 0
51 54 0
52 139 0
53 133 0
54 111 0
54 146 0
54 148 0
55 61 0
55 124 0
56 102 0
57 84 0
57 87 0
58 143 0
59 153 0
60 158 0
61 156 0
62 63 0
62 73 0
62 107 0
62 130 0
62 131 0
64 105 0
65 74 0
66 121 0
67 75 0
67 105 0
68 157 0
70 132 0
71 72 0
71 85 0
73 129 0
74 112 0
75 80 0
75 83 0
75 115 0
75 121 0
76 86 0
76 139 0
77 88 0
77 148 0
77 152 0
78 102 0
78 126 0
79 86 0
81 94 0
81 101 0
82 95 0
83 91 0
83 135 0
83 141 0
85 147 0
86 110 0
86 159 0
87 119 0
87 138 0
90 106 0
94 129 0
95 97 0
95 128 0
96 106 0
97 153 0
97 156 0
98 136 0
102 133 0
102 143 0
103 160 0
104 112 0
106 133 0
109 144 0
112 126 0
114 124 0
114 158 0
115 134 0
116 158 0
117 129 0
120 143 0
122 125 0
123 158 0
125 126 0
125 154 0
127 136 0
131 133 0
132 148 0
137 153 0
141 145 0
143 150 0
151 156 0
