180 179 0
1 45 0
1 71 0
1 114 0
1 174 0
2 146 0
2 162 0
3 97 0
4 8 0
5 33 0
5 92 0
5 133 0
6 81 0
6 158 0
6 167 0
7 152 0
8 109 0
9 17 0
10 24 0
11 132 0
12 76 0
13 52 0
14 138 0
14 157 0
15 28 0
15 98 0
15 122 0
15 125 0
15 135 0
16 152 0
17 18 0
17 101 0
17 109 0
17 117 0
19 25 0
19 133 0
19 173 0
20 38 0
20 119 0
21 43 0
21 66 0
21 123 0
21 151 0
22 156 0
23 131 0
24 68 0
24 81 0
24 148 0
26 56 0
26 179 0
27 169 0
28 172 0
29 52 0
29 115 0
29 145 0
30 138 0
31 69 0
32 76 0
33 116 0
33 175 0
34 143 0
35 51 0
36 96 0
36 123 0
36 128 0
37 99 0
39 162 0
40 42 0
41 46 0
42 97 0
43 72 0
43 90 0
43 110 0
44 65 0
44 132 0
45 120 0
46 55 0
46 81 0
46 102 0
46 161 0
47 88 0
47 112 0
47 129 0
48 49 0
48 100 0
49 69 0
49 150 0
50 162 0
51 53 0
51 99 0
52 112 0
52 134 0
54 151 0
56 59 0
57 151 0
58 89 0
58 90 0
59 107 0
60 120 0
61 166 0
62 169 0
63 79 0
63 145 0
64 66 0
64 127 0
65 85 0
65 164 0
67 132 0
68 97 0
69 109 0
70 150 0
73 127 0
74 89 0
74 176 0
75 82 0
76 109 0
77 82 0
78 145 0
80 101 0
81 141 0
82 126 0
82 130 0
82 174 0
83 135 0
84 142 0
84 153 0
86 166 0
86 171 0
87 157 0
87 169 0
89 111 0
89 136 0
89 171 0
91 156 0
93 138 0
94 101 0
94 156 0
95 143 0
97 100 0
99 170 0
101 132 0
103 176 0
104 176 0
105 135 0
106 147 0
108 129 0
108 131 0
108 139 0
108 168 0
111 152 0
113 143 0
113 158 0
116 125 0
116 163 0
116 165 0
116 179 0
118 128 0
119 151 0
120 139 0
120 149 0
120 178 0
121 157 0
124 157 0
125 156 0
127 162 0
128 180 0
137 177 0
138 139 0
140 177 0
144 166 0
146 155 0
146 160 0
147 174 0
151 154 0
152 178 0
153 174 0
159 169 0
163 166 0
170 176 0
174 177 0
