180 179 0
1 7 0
2 104 0
3 58 0
3 99 0
3 145 0
4 48 0
5 66 0
6 134 0
7 60 0
7 127 0
8 16 0
8 142 0
8 180 0
9 167 0
10 15 0
10 60 0
10 163 0
11 119 0
11 134 0
12 131 0
13 92 0
14 153 0
14 162 0
15 54 0
15 96 0
15 110 0
16 50 0
17 26 0
17 74 0
17 78 0
18 102 0
18 104 0
18 121 0
19 107 0
20 66 0
21 72 0
21 178 0
22 83 0
23 121 0
24 64 0
25 131 0
27 72 0
28 137 0
29 81 0
29 179 0
30 177 0
31 170 0
32 96 0
33 92 0
34 93 0
34 99 0
35 48 0
35 154 0
36 167 0
37 51 0
37 85 0
37 117 0
38 78 0
38 101 0
38 117 0
38 160 0
39 131 0
40 52 0
40 167 0
41 50 0
41 83 0
42 50 0
42 61 0
43 172 0
44 178 0
45 47 0
46 161 0
47 73 0
47 122 0
47 131 0
47 146 0
47 154 0
48 114 0
49 137 0
50 88 0
50 148 0
50 155 0
50 174 0
51 104 0
51 152 0
52 105 0
52 120 0
53 71 0
53 99 0
53 139 0
53 166 0
54 131 0
54 168 0
54 174 0
55 133 0
55 153 0
55 175 0
56 150 0
57 104 0
58 157 0
58 177 0
59 102 0
61 62 0
61 158 0
63 146 0
64 67 0
64 94 0
64 127 0
65 81 0
66 68 0
66 125 0
67 135 0
68 72 0
68 73 0
68 74 0
68 159 0
69 129 0
69 176 0
70 106 0
75 137 0
76 111 0
76 166 0
77 172 0
79 174 0
80 151 0
81 157 0
82 102 0
83 169 0
84 174 0
86 97 0
87 108 0
87 116 0
87 138 0
87 168 0
89 151 0
90 150 0
91 92 0
92 179 0
95 150 0
97 120 0
97 165 0
98 134 0
100 177 0
102 164 0
103 172 0
104 115 0
104 161 0
105 113 0
106 132 0
106 179 0
107 147 0
109 156 0
109 176 0
110 151 0
111 147 0
112 154 0
113 156 0
118 132 0
121 170 0
123 178 0
124 161 0
126 177 0
127 166 0
128 164 0
129 173 0
130 137 0
130 156 0
133 180 0
134 168 0
136 176 0
137 168 0
140 176 0
141 178 0
143 154 0
144 150 0
144 161 0
145 172 0
149 170 0
161 171 0
