200 199 0
1 119 0
2 23 0
2 64 0
2 187 0
3 56 0
3 117 0
4 140 0
4 154 0
5 100 0
6 184 0
7 157 0
8 42 0
8 158 0
8 178 0
9 65 0
9 122 0
10 51 0
11 56 0
12 65 0
13 107 0
14 74 0
14 104 0
14 195 0
15 126 0
15 129 0
16 189 0
17 45 0
17 74 0
18 59 0
18 94 0
18 105 0
18 107 0
18 125 0
19 190 0
20 111 0
21 132 0
22 105 0
22 152 0
23 169 0
24 135 0
25 99 0
25 123 0
25 189 0
26 169 0
27 43 0
27 127 0
27 190 0
28 119 0
28 150 0
29 68 0
29 97 0
30 119 0
31 151 0
32 106 0
33 84 0
33 135 0
34 65 0
35 100 0
36 121 0
37 99 0
38 91 0
39 154 0
40 91 0
41 194 0
42 115 0
43 44 0
43 93 0
43 189 0
44 48 0
44 172 0
44 199 0
46 94 0
47 136 0
49 127 0
49 146 0
50 194 0
51 67 0
51 137 0
51 194 0
52 75 0
53 137 0
53 158 0
54 81 0
55 127 0
56 60 0
56 154 0
56 165 0
57 121 0
58 77 0
59 90 0
59 110 0
59 128 0
59 143 0
61 150 0
61 178 0
62 85 0
63 144 0
66 181 0
66 184 0
66 188 0
69 132 0
70 81 0
71 138 0
71 155 0
71 158 0
71 164 0
72 153 0
73 94 0
74 142 0
75 88 0
75 120 0
75 191 0
76 96 0
77 190 0
78 173 0
79 133 0
79 162 0
79 163 0
80 131 0
81 143 0
82 94 0
82 126 0
83 115 0
83 159 0
84 130 0
85 147 0
85 184 0
85 191 0
86 88 0
87 99 0
88 153 0
89 153 0
90 116 0
91 151 0
91 177 0
91 192 0
92 123 0
92 177 0
93 97 0
95 99 0
96 102 0
96 157 0
97 132 0
97 168 0
97 174 0
98 190 0
99 130 0
100 175 0
100 192 0
101 144 0
102 139 0
103 135 0
105 144 0
106 161 0
106 173 0
106 200 0
107 109 0
107 171 0
108 194 0
111 178 0
112 144 0
113 169 0
114 170 0
114 173 0
114 176 0
114 185 0
115 198 0
116 167 0
116 184 0
118 134 0
118 169 0
120 160 0
121 134 0
122 178 0
123 148 0
124 197 0
125 133 0
126 182 0
127 131 0
131 157 0
133 179 0
135 160 0
136 153 0
141 154 0
141 155 0
142 158 0
145 178 0
146 197 0
149 156 0
156 177 0
157 186 0
158 197 0
159 180 0
159 183 0
162 173 0
166 197 0
168 169 0
190 193 0
194 196 0
