140 139 0
1 65 0
2 46 0
2 64 0
2 72 0
3 54 0
3 69 0
3 125 0
4 84 0
4 109 0
5 12 0
5 34 0
5 103 0
6 50 0
6 59 0
7 86 0
8 58 0
9 115 0
10 46 0
10 61 0
10 95 0
10 104 0
11 59 0
12 20 0
12 109 0
12 129 0
12 134 0
13 94 0
14 19 0
14 45 0
14 74 0
14 91 0
15 43 0
15 80 0
15 123 0
16 122 0
17 49 0
18 58 0
21 118 0
22 34 0
22 52 0
23 87 0
23 112 0
24 93 0
24 96 0
25 62 0
26 56 0
27 42 0
27 55 0
27 64 0
28 89 0
29 84 0
29 100 0
30 32 0
30 103 0
31 53 0
32 63 0
32 95 0
33 93 0
34 99 0
34 105 0
35 86 0
36 85 0
36 89 0
37 49 0
38 66 0
39 94 0
40 79 0
40 85 0
40 107 0
40 135 0
41 85 0
44 58 0
46 47 0
46 110 0
47 120 0
48 87 0
49 64 0
49 76 0
50 105 0
50 131 0
51 98 0
52 66 0
53 107 0
53 133 0
53 139 0
54 58 0
56 94 0
56 100 0
56 101 0
56 118 0
57 98 0
57 126 0
59 111 0
60 86 0
62 64 0
62 122 0
64 121 0
65 107 0
67 101 0
68 138 0
69 118 0
70 126 0
70 138 0
71 115 0
71 116 0
73 95 0
74 105 0
75 101 0
77 106 0
78 82 0
78 109 0
80 114 0
80 133 0
81 109 0
82 106 0
83 105 0
85 90 0
85 137 0
86 107 0
87 123 0
88 115 0
89 93 0
89 125 0
92 110 0
93 97 0
95 140 0
98 103 0
100 124 0
101 130 0
101 136 0
102 138 0
103 116 0
104 113 0
104 132 0
108 114 0
109 128 0
114 117 0
118 127 0
119 120 0
