120 119 0
1 67 0
1 88 0
1 109 0
2 21 0
3 95 0
4 9 0
4 20 0
4 98 0
5 119 0
6 36 0
6 58 0
6 75 0
6 81 0
6 95 0
6 106 0
7 32 0
7 69 0
7 106 0
8 13 0
8 99 0
9 45 0
9 102 0
10 112 0
11 115 0
12 19 0
14 75 0
15 53 0
16 33 0
16 54 0
16 106 0
17 45 0
18 104 0
19 51 0
19 66 0
21 42 0
21 60 0
22 87 0
23 97 0
23 120 0
24 77 0
25 112 0
26 79 0
27 57 0
27 114 0
28 90 0
29 85 0
30 90 0
31 120 0
32 113 0
33 87 0
34 39 0
34 59 0
35 99 0
37 76 0
37 117 0
38 102 0
39 46 0
40 49 0
41 54 0
41 119 0
43 59 0
43 60 0
43 68 0
44 85 0
44 116 0
46 105 0
47 53 0
48 62 0
48 100 0
48 101 0
49 64 0
49 83 0
50 87 0
52 115 0
53 55 0
53 77 0
53 89 0
53 105 0
56 78 0
57 65 0
57 83 0
57 93 0
59 96 0
59 103 0
61 112 0
61 119 0
63 69 0
63 111 0
64 107 0
66 85 0
68 70 0
68 94 0
69 90 0
70 99 0
71 107 0
72 75 0
73 97 0
74 104 0
74 109 0
76 99 0
78 79 0
78 85 0
79 86 0
79 111 0
80 100 0
82 104 0
84 90 0
89 98 0
91 94 0
91 115 0
91 119 0
92 120 0
100 106 0
103 114 0
104 116 0
105 110 0
108 114 0
111 120 0
118 120 0
