160 159 0
1 49 0
2 89 0
2 97 0
2 124 0
3 126 0
3 127 0
4 40 0
4 78 0
5 126 0
6 66 0
6 83 0
6 155 0
7 19 0
7 84 0
7 137 0
8 22 0
8 66 0
8 96 0
8 142 0
9 128 0
10 128 0
11 81 0
12 50 0
12 59 0
12 88 0
13 82 0
13 135 0
13 145 0
14 152 0
15 18 0
15 65 0
16 22 0
17 85 0
17 95 0
17 146 0
18 61 0
18 156 0
18 157 0
19 60 0
19 90 0
20 108 0
20 153 0
21 35 0
22 34 0
22 77 0
22 131 0
23 124 0
24 104 0
25 54 0
26 32 0
26 86 0
26 101 0
26 125 0
27 57 0
27 84 0
28 40 0
28 100 0
29 49 0
30 77 0
31 32 0
31 128 0
32 64 0
32 87 0
32 147 0
32 148 0
33 84 0
34 54 0
34 110 0
34 113 0
35 43 0
35 69 0
35 76 0
35 101 0
35 105 0
36 127 0
37 108 0
37 133 0
37 159 0
38 97 0
39 147 0
40 101 0
41 121 0
42 100 0
43 142 0
44 47 0
45 111 0
46 104 0
47 58 0
47 91 0
47 151 0
48 126 0
48 136 0
49 98 0
49 133 0
49 152 0
50 54 0
51 53 0
51 92 0
52 136 0
52 138 0
52 143 0
53 62 0
55 65 0
56 70 0
56 99 0
56 101 0
56 139 0
56 149 0
57 109 0
57 143 0
63 65 0
65 137 0
67 81 0
67 121 0
68 152 0
69 75 0
69 135 0
70 120 0
71 92 0
71 152 0
72 77 0
73 92 0
73 107 0
74 80 0
77 119 0
78 115 0
78 141 0
79 121 0
80 130 0
81 108 0
84 94 0
84 130 0
85 157 0
87 117 0
88 111 0
90 129 0
91 100 0
93 147 0
97 136 0
97 144 0
98 160 0
100 122 0
102 137 0
103 147 0
104 120 0
106 121 0
107 123 0
107 150 0
107 158 0
111 132 0
111 136 0
112 124 0
114 126 0
116 148 0
118 124 0
127 140 0
128 134 0
129 153 0
137 154 0
