100 99 0
1 20 0
1 45 0
2 77 0
3 9 0
3 93 0
4 12 0
4 14 0
4 53 0
4 61 0
4 82 0
5 55 0
6 57 0
7 27 0
7 38 0
7 45 0
7 85 0
8 29 0
8 73 0
8 81 0
9 33 0
9 34 0
9 35 0
9 45 0
10 13 0
10 52 0
11 22 0
11 32 0
11 86 0
12 70 0
12 87 0
12 89 0
15 28 0
16 23 0
17 69 0
18 28 0
18 99 0
19 23 0
20 97 0
21 48 0
21 91 0
23 48 0
23 66 0
23 67 0
23 93 0
24 48 0
25 58 0
25 84 0
26 93 0
27 83 0
28 46 0
28 60 0
28 71 0
30 85 0
31 37 0
31 46 0
31 49 0
31 58 0
31 98 0
32 59 0
32 88 0
36 65 0
39 40 0
40 55 0
41 60 0
41 77 0
42 91 0
43 65 0
44 50 0
44 75 0
44 88 0
46 55 0
47 72 0
51 57 0
52 74 0
52 89 0
54 97 0
56 74 0
57 94 0
58 92 0
62 81 0
62 90 0
63 93 0
64 77 0
65 74 0
65 81 0
68 72 0
69 84 0
69 88 0
70 85 0
72 99 0
74 78 0
76 90 0
77 94 0
77 100 0
79 98 0
80 98 0
91 92 0
91 95 0
96 98 0
