100 99 0
1 58 0
1 71 0
2 54 0
2 56 0
3 18 0
3 25 0
4 58 0
5 31 0
5 37 0
5 42 0
5 92 0
6 92 0
7 71 0
8 23 0
8 61 0
8 71 0
9 23 0
9 51 0
10 17 0
10 76 0
11 19 0
11 33 0
11 43 0
11 78 0
12 34 0
12 35 0
12 84 0
12 85 0
12 100 0
13 33 0
14 51 0
15 27 0
15 65 0
16 30 0
17 87 0
18 38 0
19 64 0
20 82 0
21 72 0
22 29 0
22 41 0
22 56 0
22 61 0
22 68 0
23 25 0
23 67 0
24 72 0
26 36 0
27 93 0
28 66 0
28 69 0
30 75 0
30 88 0
30 92 0
32 44 0
32 65 0
33 47 0
33 55 0
35 49 0
36 93 0
38 57 0
38 69 0
39 66 0
40 45 0
44 98 0
45 100 0
46 59 0
48 95 0
48 100 0
50 58 0
51 60 0
51 77 0
52 68 0
52 97 0
53 82 0
56 65 0
58 95 0
59 82 0
59 98 0
62 83 0
62 89 0
63 98 0
64 92 0
65 81 0
66 73 0
66 90 0
66 91 0
66 92 0
68 99 0
70 98 0
71 86 0
71 94 0
72 83 0
72 95 0
74 86 0
78 80 0
79 82 0
80 96 0
87 89 0
