100 99 0
1 92 0
2 59 0
3 17 0
4 14 0
5 29 0
6 27 0
6 35 0
6 68 0
7 44 0
7 51 0
7 82 0
8 25 0
8 38 0
8 41 0
8 80 0
8 95 0
9 36 0
9 42 0
10 56 0
11 51 0
11 83 0
12 52 0
12 57 0
13 73 0
14 79 0
15 74 0
16 78 0
17 84 0
17 89 0
18 81 0
19 34 0
19 54 0
19 94 0
20 36 0
20 38 0
21 28 0
21 30 0
21 95 0
22 38 0
22 74 0
23 26 0
23 39 0
23 98 0
24 88 0
26 43 0
26 61 0
26 64 0
26 65 0
29 73 0
29 90 0
29 99 0
31 74 0
32 77 0
33 74 0
34 71 0
35 57 0
36 45 0
36 47 0
36 97 0
37 40 0
37 82 0
39 63 0
39 72 0
39 75 0
40 77 0
42 48 0
43 93 0
45 89 0
45 92 0
46 67 0
46 70 0
47 91 0
47 96 0
48 53 0
49 58 0
49 79 0
49 98 0
50 92 0
51 88 0
52 69 0
52 81 0
54 95 0
54 98 0
55 98 0
56 99 0
57 88 0
57 99 0
59 95 0
60 99 0
62 76 0
66 88 0
67 90 0
71 88 0
73 78 0
76 99 0
79 85 0
86 93 0
86 100 0
87 98 0
