100 99 0
1 18 0
2 7 0
3 35 0
4 65 0
5 44 0
6 21 0
7 31 0
7 98 0
8 54 0
9 45 0
9 68 0
9 100 0
10 18 0
10 63 0
11 59 0
12 61 0
13 46 0
13 87 0
13 92 0
14 59 0
15 54 0
16 49 0
17 28 0
18 30 0
19 22 0
19 34 0
19 58 0
20 27 0
20 63 0
21 25 0
21 64 0
21 75 0
23 41 0
24 28 0
24 73 0
25 44 0
26 32 0
26 99 0
27 49 0
27 78 0
28 70 0
28 74 0
28 78 0
28 88 0
29 54 0
30 93 0
32 55 0
32 59 0
33 55 0
35 60 0
35 75 0
35 94 0
36 67 0
37 45 0
38 45 0
38 53 0
38 69 0
38 81 0
38 95 0
38 97 0
38 98 0
39 59 0
40 41 0
40 45 0
40 66 0
41 46 0
41 56 0
42 67 0
43 49 0
44 79 0
47 71 0
48 67 0
50 77 0
51 65 0
52 80 0
54 73 0
54 96 0
55 68 0
55 84 0
57 67 0
57 68 0
58 65 0
58 77 0
61 64 0
61 74 0
61 76 0
61 83 0
62 90 0
65 86 0
71 77 0
71 93 0
72 81 0
77 82 0
77 91 0
80 85 0
80 89 0
82 89 0
89 95 0
90 98 0
