160 159 0
1 32 0
1 50 0
1 103 0
1 113 0
2 55 0
2 133 0
2 135 0
3 120 0
4 21 0
4 65 0
5 10 0
6 46 0
6 47 0
6 86 0
6 123 0
6 126 0
7 107 0
7 143 0
8 131 0
9 43 0
10 22 0
10 27 0
10 94 0
10 160 0
11 125 0
11 150 0
12 18 0
12 24 0
12 67 0
12 75 0
12 130 0
13 92 0
13 102 0
14 30 0
14 138 0
15 37 0
15 74 0
16 48 0
16 72 0
17 120 0
17 150 0
18 97 0
18 121 0
18 124 0
19 120 0
20 29 0
20 63 0
20 65 0
21 56 0
21 70 0
21 99 0
22 150 0
23 131 0
24 110 0
24 140 0
24 153 0
25 99 0
26 56 0
27 109 0
28 130 0
31 36 0
31 116 0
32 100 0
33 100 0
33 112 0
34 130 0
34 150 0
35 132 0
36 53 0
36 115 0
37 42 0
37 78 0
37 136 0
38 115 0
38 146 0
39 129 0
40 132 0
41 104 0
41 150 0
42 141 0
43 45 0
43 114 0
44 130 0
45 136 0
46 83 0
46 145 0
46 151 0
47 59 0
47 117 0
47 147 0
48 62 0
48 76 0
48 134 0
48 150 0
48 159 0
49 134 0
51 132 0
52 120 0
53 118 0
54 70 0
56 109 0
56 127 0
57 134 0
58 96 0
60 101 0
61 118 0
62 119 0
64 93 0
64 106 0
64 152 0
66 111 0
68 99 0
69 130 0
70 126 0
70 138 0
71 92 0
73 92 0
73 98 0
77 85 0
77 107 0
77 137 0
77 139 0
79 111 0
80 96 0
80 104 0
81 127 0
81 154 0
81 156 0
82 113 0
84 101 0
84 146 0
87 125 0
88 118 0
89 159 0
90 152 0
91 115 0
92 95 0
96 129 0
98 105 0
100 122 0
100 143 0
101 155 0
102 146 0
102 148 0
108 144 0
111 113 0
113 142 0
115 149 0
118 134 0
122 144 0
122 146 0
123 158 0
128 131 0
128 134 0
131 135 0
132 136 0
136 152 0
138 141 0
157 159 0
